3 0.542165 0.191080 0.173558 0.074468
3 0.808760 0.153028 0.147443 0.073650
3 0.957291 0.081833 0.085419 0.058920
3 0.661317 0.391980 0.268226 0.091653
3 0.370783 0.473404 0.187704 0.082651
3 0.097933 0.341653 0.104461 0.076105
3 0.248368 0.386252 0.114799 0.073650
3 0.185528 0.403846 0.097933 0.074468
3 0.093036 0.516367 0.092492 0.103110
3 0.178455 0.539689 0.117519 0.120295
3 0.199946 0.633797 0.083243 0.082651
3 0.266322 0.608429 0.095212 0.058101
3 0.436888 0.671849 0.189336 0.096563
3 0.228781 0.825696 0.099565 0.098200
3 0.356366 0.825696 0.097933 0.083470
3 0.394723 0.812602 0.087595 0.063830
3 0.076714 0.432079 0.053319 0.040917
3 0.412133 0.791735 0.119151 0.081015
3 0.374048 0.736088 0.115887 0.076105
3 0.546518 0.444354 0.143090 0.063830
3 0.756529 0.450900 0.127856 0.078560
3 0.919478 0.339198 0.120783 0.061375
3 0.979597 0.384206 0.040805 0.054828
3 0.507073 0.635843 0.117519 0.065466
3 0.549510 0.594926 0.114255 0.068740
3 0.668118 0.571604 0.100109 0.054828
3 0.659684 0.613748 0.139826 0.080196
3 0.699946 0.654255 0.112622 0.058101
3 0.642002 0.698445 0.104461 0.048282
3 0.820729 0.585516 0.159412 0.067921
3 0.694233 0.739771 0.139282 0.057283
3 0.034276 0.184943 0.066376 0.037643
3 0.515778 0.783961 0.078346 0.047463
3 0.550054 0.819558 0.102285 0.045008
3 0.612894 0.817512 0.062568 0.049100
3 0.682535 0.837561 0.108270 0.056465
3 0.699402 0.788462 0.075626 0.038462
3 0.781556 0.820376 0.065832 0.049918
3 0.797062 0.697218 0.056583 0.042553
3 0.917029 0.715630 0.052775 0.035188
3 0.868335 0.758592 0.064200 0.037643
3 0.935528 0.572422 0.049510 0.028642
